   748.0
   5.0
   0.01
   1.0
   0.5
   1.3512280e-02   4.9995435e-01   4.9995435e-01   4.9995435e-01   4.9995435e-01
   0.0000000e+00   2.3569910e-01   2.3569910e-01   2.5901000e-01   9.0653499e-01
   1.1706557e-02   2.7721127e-01   2.7721127e-01   3.0938758e-01   8.6628523e-01
   2.1838782e-02   3.2321398e-01   3.2321398e-01   3.7103645e-01   8.0803494e-01
   9.3737005e-03   3.3295384e-01   3.3295384e-01   5.4501373e-01   6.9365384e-01
   5.3590154e-02   7.9313428e-02   7.9313428e-02   4.0466035e-02   9.9141785e-01
   2.6246777e-02   1.3595831e-01   1.3595831e-01   1.3873297e-01   9.7113076e-01
   1.2121164e-02   2.1527186e-01   2.1527186e-01   3.2034504e-01   8.9696610e-01
   2.5584713e-02   1.7039419e-01   1.7039419e-01   2.1250976e-01   9.4663439e-01
   3.5139219e-02   4.7845560e-01   4.7845560e-01   5.2006044e-01   5.2006044e-01
   4.0556344e-02   3.4513449e-01   3.4513449e-01   4.4405058e-01   7.5029236e-01
   0.0000000e+00   5.9735776e-02   5.9735776e-02   4.0636583e-02   9.9559627e-01
   2.5068443e-02   1.8550648e-01   1.8550648e-01   2.6500926e-01   9.2753240e-01
   1.1564844e-02   2.2250759e-01   2.2250759e-01   4.1043395e-01   8.5579844e-01
   2.6338601e-02   1.1694339e-01   1.1694339e-01   1.4916249e-01   9.7452825e-01
   2.6587585e-02   9.8374064e-02   9.8374064e-02   1.1041987e-01   9.8374064e-01
   2.2862997e-02   2.3686065e-01   2.3686065e-01   4.1433350e-01   8.4593090e-01
   2.2595365e-02   2.5080855e-01   2.5080855e-01   4.1801426e-01   8.3602851e-01
   2.6338601e-02   1.1694339e-01   1.1694339e-01   1.4916249e-01   9.7452825e-01
   2.6898271e-02   5.9714163e-02   5.9714163e-02   4.0621879e-02   9.9523604e-01
   2.6898271e-02   5.9714163e-02   5.9714163e-02   4.0621879e-02   9.9523604e-01
   4.9732255e-02   2.0241028e-01   2.0241028e-01   2.6287049e-01   9.2004672e-01
   2.6298324e-02   1.1676456e-01   1.1676456e-01   1.5886334e-01   9.7303798e-01
   2.6298324e-02   1.1676456e-01   1.1676456e-01   1.5886334e-01   9.7303798e-01
   1.1563376e-01   1.7113797e-01   1.7113797e-01   1.5522718e-01   9.5076650e-01
   4.6935804e-02   2.4312746e-01   2.4312746e-01   3.5441321e-01   8.6831237e-01
   5.2697932e-02   1.1698941e-01   1.1698941e-01   1.3927310e-01   9.7491173e-01
   4.8571589e-02   2.1565785e-01   2.1565785e-01   3.1175030e-01   8.9857439e-01
   5.3118875e-02   9.8269918e-02   9.8269918e-02   1.1030297e-01   9.8269918e-01
   5.1537576e-02   1.5255123e-01   1.5255123e-01   2.0430968e-01   9.5344516e-01
   1.1007157e-02   2.2806829e-01   2.2806829e-01   4.8206854e-01   8.1452960e-01
   5.0089692e-02   1.8533186e-01   1.8533186e-01   2.6475980e-01   9.2665931e-01
   5.0089692e-02   1.8533186e-01   1.8533186e-01   2.6475980e-01   9.2665931e-01
   5.0668297e-02   1.6872543e-01   1.6872543e-01   2.4868827e-01   9.3736350e-01
   2.1156100e-02   2.5048823e-01   2.5048823e-01   5.1120046e-01   7.8277571e-01
   2.5384898e-02   1.5027860e-01   1.5027860e-01   2.6835464e-01   9.3924123e-01
   2.3296229e-02   2.0687051e-01   2.0687051e-01   4.1338920e-01   8.6196046e-01
   5.2542168e-02   1.1664361e-01   1.1664361e-01   1.5869879e-01   9.7203012e-01
   2.2098235e-02   2.2893772e-01   2.2893772e-01   4.7556304e-01   8.1763470e-01
   5.1714707e-02   1.3394109e-01   1.3394109e-01   2.1477434e-01   9.5672208e-01
   2.2613689e-02   2.1754369e-01   2.1754369e-01   4.5250453e-01   8.3670649e-01
   2.6408570e-02   9.7711710e-02   9.7711710e-02   1.5952932e-01   9.7711710e-01
   2.6408570e-02   9.7711710e-02   9.7711710e-02   1.5952932e-01   9.7711710e-01
   2.6408570e-02   9.7711710e-02   9.7711710e-02   1.5952932e-01   9.7711710e-01
   4.0082368e-02   2.9660953e-01   2.9660953e-01   5.2209330e-01   7.4152382e-01
   5.0419818e-02   1.6789799e-01   1.6789799e-01   2.6650475e-01   9.3276663e-01
   2.4667314e-02   1.6428431e-01   1.6428431e-01   3.3527410e-01   9.1269060e-01
   2.6968475e-02   3.9913343e-02   3.9913343e-02   2.0363951e-02   9.9783358e-01
   2.6968475e-02   3.9913343e-02   3.9913343e-02   2.0363951e-02   9.9783358e-01
   2.6968475e-02   3.9913343e-02   3.9913343e-02   2.0363951e-02   9.9783358e-01
   2.3543141e-02   1.9164117e-01   1.9164117e-01   4.0888190e-01   8.7109623e-01
   2.3543141e-02   1.9164117e-01   1.9164117e-01   4.0888190e-01   8.7109623e-01
   2.6007658e-02   1.1547400e-01   1.1547400e-01   2.1602279e-01   9.6228336e-01
   2.2862594e-02   2.0301983e-01   2.0301983e-01   4.4885338e-01   8.4591598e-01
   5.2919706e-02   9.7901456e-02   9.7901456e-02   1.3985922e-01   9.7901456e-01
   4.0430674e-02   2.8422764e-01   2.8422764e-01   5.2663016e-01   7.4796747e-01
   5.0973772e-02   1.5088236e-01   1.5088236e-01   2.5018759e-01   9.4301478e-01
   2.5520338e-02   1.3219535e-01   1.3219535e-01   2.6978643e-01   9.4425250e-01
   1.9666121e-02   2.3284687e-01   2.3284687e-01   6.0142208e-01   7.2764647e-01
   3.9076025e-02   1.1566503e-01   1.1566503e-01   2.0654470e-01   9.6387528e-01
   2.5453081e-02   1.3184696e-01   1.3184696e-01   2.7868526e-01   9.4176400e-01
   2.4885863e-02   1.4732431e-01   1.4732431e-01   3.2884891e-01   9.2077695e-01
   2.3428972e-02   1.7337439e-01   1.7337439e-01   4.3343598e-01   8.6687195e-01
   5.2761974e-02   9.7609652e-02   9.7609652e-02   1.5936270e-01   9.7609652e-01
   2.6808564e-02   5.9515011e-02   5.9515011e-02   9.1094405e-02   9.9191685e-01
   3.0415289e-02   2.4007801e-01   2.4007801e-01   5.6651061e-01   7.5024378e-01
   2.6579750e-02   7.8676061e-02   7.8676061e-02   1.4049297e-01   9.8345076e-01
   0.0000000e+00   3.9903034e-02   3.9903034e-02   4.0717382e-02   9.9757586e-01
   5.1370696e-02   1.3305010e-01   1.3305010e-01   2.4243823e-01   9.5035788e-01
   1.1692204e-02   1.5574016e-01   1.5574016e-01   4.5026916e-01   8.6522309e-01
   2.6499811e-02   7.8439439e-02   7.8439439e-02   1.6008049e-01   9.8049299e-01
   2.6499811e-02   7.8439439e-02   7.8439439e-02   1.6008049e-01   9.8049299e-01
   4.0756272e-02   2.5635695e-01   2.5635695e-01   5.4625881e-01   7.5399103e-01
   2.6951716e-02   3.9888539e-02   3.9888539e-02   4.0702591e-02   9.9721347e-01
   2.6951716e-02   3.9888539e-02   3.9888539e-02   4.0702591e-02   9.9721347e-01
   2.6951716e-02   3.9888539e-02   3.9888539e-02   4.0702591e-02   9.9721347e-01
   2.6499811e-02   7.8439439e-02   7.8439439e-02   1.6008049e-01   9.8049299e-01
   2.6951716e-02   3.9888539e-02   3.9888539e-02   4.0702591e-02   9.9721347e-01
   2.6951716e-02   3.9888539e-02   3.9888539e-02   4.0702591e-02   9.9721347e-01
   2.6951716e-02   3.9888539e-02   3.9888539e-02   4.0702591e-02   9.9721347e-01
   5.1850488e-02   1.1510808e-01   1.1510808e-01   2.2512635e-01   9.5923402e-01
   2.6499811e-02   7.8439439e-02   7.8439439e-02   1.6008049e-01   9.8049299e-01
   2.6499811e-02   7.8439439e-02   7.8439439e-02   1.6008049e-01   9.8049299e-01
   2.6499811e-02   7.8439439e-02   7.8439439e-02   1.6008049e-01   9.8049299e-01
   2.5639489e-02   1.1383933e-01   1.1383933e-01   2.7104603e-01   9.4866110e-01
   2.5639489e-02   1.1383933e-01   1.1383933e-01   2.7104603e-01   9.4866110e-01
   5.3844794e-02   3.9845148e-02   3.9845148e-02   4.0658314e-02   9.9612869e-01
   5.3844794e-02   3.9845148e-02   3.9845148e-02   4.0658314e-02   9.9612869e-01
   5.3844794e-02   3.9845148e-02   3.9845148e-02   4.0658314e-02   9.9612869e-01
   2.5013432e-02   1.2956958e-01   1.2956958e-01   3.3053463e-01   9.2549697e-01
   5.3844794e-02   3.9845148e-02   3.9845148e-02   4.0658314e-02   9.9612869e-01
   5.3844794e-02   3.9845148e-02   3.9845148e-02   4.0658314e-02   9.9612869e-01
   5.3844794e-02   3.9845148e-02   3.9845148e-02   4.0658314e-02   9.9612869e-01
   5.3844794e-02   3.9845148e-02   3.9845148e-02   4.0658314e-02   9.9612869e-01
   1.4939777e-01   2.0268297e-01   2.0268297e-01   2.1622024e-01   9.2128624e-01
   5.0990885e-02   1.3206639e-01   1.3206639e-01   2.6952325e-01   9.4333138e-01
   2.8645449e-02   2.4023983e-01   2.4023983e-01   6.2006680e-01   7.0658775e-01
   4.8976879e-02   1.6309301e-01   1.6309301e-01   3.5133414e-01   9.0607225e-01
   5.3103256e-02   7.8592818e-02   7.8592818e-02   1.4034432e-01   9.8241023e-01
   6.4012667e-02   1.3263425e-01   1.3263425e-01   2.5134770e-01   9.4738747e-01
   4.9877412e-02   1.4763714e-01   1.4763714e-01   3.2013155e-01   9.2273213e-01
   2.0504777e-02   1.9725595e-01   1.9725595e-01   5.8836156e-01   7.5867675e-01
   4.8653552e-02   1.6201633e-01   1.6201633e-01   3.6738396e-01   9.0009070e-01
   2.5873933e-02   9.5733554e-02   9.5733554e-02   2.5398698e-01   9.5733554e-01
   2.5873933e-02   9.5733554e-02   9.5733554e-02   2.5398698e-01   9.5733554e-01
   6.1326972e-02   2.5716444e-01   2.5716444e-01   5.4026142e-01   7.5636599e-01
   0.0000000e+00   1.3457009e-01   1.3457009e-01   5.0635430e-01   8.4106308e-01
   3.8794671e-02   9.5693523e-02   9.5693523e-02   2.5388077e-01   9.5693523e-01
   2.6652024e-02   5.9167494e-02   5.9167494e-02   1.4087499e-01   9.8612490e-01
   2.2014561e-02   1.6290775e-01   1.6290775e-01   5.3194368e-01   8.1453877e-01
   5.2061692e-02   9.6314130e-02   9.6314130e-02   2.2604337e-01   9.6314130e-01
   4.7628013e-02   1.5860128e-01   1.5860128e-01   4.1358612e-01   8.8111825e-01
   5.2061692e-02   9.6314130e-02   9.6314130e-02   2.2604337e-01   9.6314130e-01
   4.8923825e-02   1.4481452e-01   1.4481452e-01   3.6942480e-01   9.0509076e-01
   2.0055511e-02   1.7809294e-01   1.7809294e-01   6.2090224e-01   7.4205390e-01
   1.0757570e-01   3.4737171e-01   3.4737171e-01   4.7261456e-01   7.2369105e-01
   2.4075150e-02   1.2470928e-01   1.2470928e-01   4.1812149e-01   8.9078056e-01
   4.4325001e-02   1.8040275e-01   1.8040275e-01   5.1041596e-01   8.2001252e-01
   1.1513152e-02   1.1927625e-01   1.1927625e-01   4.9553546e-01   8.5197324e-01
   2.0445917e-02   1.6642977e-01   1.6642977e-01   6.0983078e-01   7.5649894e-01
   2.6571433e-02   5.8988581e-02   5.8988581e-02   1.6051314e-01   9.8314301e-01
   5.1695980e-02   9.5637563e-02   9.5637563e-02   2.5373231e-01   9.5637563e-01
   2.4625426e-02   1.0933689e-01   1.0933689e-01   3.8119154e-01   9.1114076e-01
   2.5378657e-02   9.3901031e-02   9.3901031e-02   3.1619735e-01   9.3901031e-01
   2.5959726e-02   7.6840789e-02   7.6840789e-02   2.5482915e-01   9.6050986e-01
   2.5300960e-02   9.3613552e-02   9.3613552e-02   3.2478171e-01   9.3613552e-01
   4.7881465e-02   1.4172914e-01   1.4172914e-01   4.1578701e-01   8.8580711e-01
   2.5959726e-02   7.6840789e-02   7.6840789e-02   2.5482915e-01   9.6050986e-01
   4.7517924e-02   1.4065306e-01   1.4065306e-01   4.3057058e-01   8.7908160e-01
   2.6835266e-02   3.9716194e-02   3.9716194e-02   1.0131682e-01   9.9290484e-01
   5.1432152e-02   9.5149482e-02   9.5149482e-02   2.7185566e-01   9.5149482e-01
   1.8850567e-02   1.6739304e-01   1.6739304e-01   6.7611983e-01   6.9747098e-01
   2.6835266e-02   3.9716194e-02   3.9716194e-02   1.0131682e-01   9.9290484e-01
   5.0203667e-02   1.1145214e-01   1.1145214e-01   3.3170280e-01   9.2876783e-01
   1.9587574e-02   1.5944285e-01   1.5944285e-01   6.5078714e-01   7.2474022e-01
   2.6432140e-02   5.8679350e-02   5.8679350e-02   1.8961014e-01   9.7798916e-01
   2.5058613e-02   9.2716869e-02   9.2716869e-02   3.5005349e-01   9.2716869e-01
   1.8580080e-02   1.6499111e-01   1.6499111e-01   6.8746296e-01   6.8746296e-01
   1.1744550e-01   9.6566298e-02   9.6566298e-02   1.8722037e-01   9.6566298e-01
   2.6806389e-02   3.9673455e-02   3.9673455e-02   1.1132857e-01   9.9183638e-01
   2.1132223e-02   1.4074060e-01   1.4074060e-01   5.9040843e-01   7.8189224e-01
   4.8617799e-02   2.0147216e-01   2.0147216e-01   6.3143607e-01   7.1954343e-01
   5.3086673e-02   5.8926207e-02   5.8926207e-02   1.6034342e-01   9.8210346e-01
   5.3086673e-02   5.8926207e-02   5.8926207e-02   1.6034342e-01   9.8210346e-01
   5.3664897e-02   3.9712023e-02   3.9712023e-02   9.1175564e-02   9.9280059e-01
   5.3086673e-02   5.8926207e-02   5.8926207e-02   1.6034342e-01   9.8210346e-01
   7.9729856e-02   5.9000093e-02   5.9000093e-02   1.4047641e-01   9.8333489e-01
   2.6806389e-02   3.9673455e-02   3.9673455e-02   1.1132857e-01   9.9183638e-01
   2.6806389e-02   3.9673455e-02   3.9673455e-02   1.1132857e-01   9.9183638e-01
   2.6806389e-02   3.9673455e-02   3.9673455e-02   1.1132857e-01   9.9183638e-01
   2.2922366e-02   1.1873786e-01   1.1873786e-01   5.0195304e-01   8.4812756e-01
   4.9549327e-02   1.0999951e-01   1.0999951e-01   3.6479428e-01   9.1666254e-01
   4.1058487e-02   1.6710804e-01   1.6710804e-01   6.0456527e-01   7.5958201e-01
   2.7000755e-02   1.9980559e-02   1.9980559e-02   2.0388325e-02   9.9902794e-01
   2.7000755e-02   1.9980559e-02   1.9980559e-02   2.0388325e-02   9.9902794e-01
   2.7000755e-02   1.9980559e-02   1.9980559e-02   2.0388325e-02   9.9902794e-01
   2.7000755e-02   1.9980559e-02   1.9980559e-02   2.0388325e-02   9.9902794e-01
   2.7000755e-02   1.9980559e-02   1.9980559e-02   2.0388325e-02   9.9902794e-01
   2.7000755e-02   1.9980559e-02   1.9980559e-02   2.0388325e-02   9.9902794e-01
   2.7000755e-02   1.9980559e-02   1.9980559e-02   2.0388325e-02   9.9902794e-01
   2.7000755e-02   1.9980559e-02   1.9980559e-02   2.0388325e-02   9.9902794e-01
   2.7000755e-02   1.9980559e-02   1.9980559e-02   2.0388325e-02   9.9902794e-01
   2.7000755e-02   1.9980559e-02   1.9980559e-02   2.0388325e-02   9.9902794e-01
   2.7000755e-02   1.9980559e-02   1.9980559e-02   2.0388325e-02   9.9902794e-01
   2.7000755e-02   1.9980559e-02   1.9980559e-02   2.0388325e-02   9.9902794e-01
   2.7000755e-02   1.9980559e-02   1.9980559e-02   2.0388325e-02   9.9902794e-01
   2.7000755e-02   1.9980559e-02   1.9980559e-02   2.0388325e-02   9.9902794e-01
   2.7000755e-02   1.9980559e-02   1.9980559e-02   2.0388325e-02   9.9902794e-01
   2.7000755e-02   1.9980559e-02   1.9980559e-02   2.0388325e-02   9.9902794e-01
   2.7000755e-02   1.9980559e-02   1.9980559e-02   2.0388325e-02   9.9902794e-01
   2.7000755e-02   1.9980559e-02   1.9980559e-02   2.0388325e-02   9.9902794e-01
   2.7000755e-02   1.9980559e-02   1.9980559e-02   2.0388325e-02   9.9902794e-01
   2.7000755e-02   1.9980559e-02   1.9980559e-02   2.0388325e-02   9.9902794e-01
   2.7000755e-02   1.9980559e-02   1.9980559e-02   2.0388325e-02   9.9902794e-01
   2.7000755e-02   1.9980559e-02   1.9980559e-02   2.0388325e-02   9.9902794e-01
   1.3405119e-01   1.8035978e-01   1.8035978e-01   3.2207103e-01   9.0179889e-01
   1.4427475e-01   7.7646048e-02   7.7646048e-02   1.5846132e-01   9.7057560e-01
   5.0708347e-02   9.3810443e-02   9.3810443e-02   3.1589231e-01   9.3810443e-01
   4.9206113e-02   1.0923757e-01   1.0923757e-01   3.8084528e-01   9.1031310e-01
   2.6271721e-02   5.8323220e-02   5.8323220e-02   2.1821613e-01   9.7205366e-01
   5.1867048e-02   7.6763231e-02   7.6763231e-02   2.5457194e-01   9.5954038e-01
   1.3139642e-01   7.7786679e-02   7.7786679e-02   1.5874832e-01   9.7233349e-01
   2.5301132e-02   7.4891350e-02   7.4891350e-02   3.3433638e-01   9.3614187e-01
   3.8964999e-02   1.7300460e-01   1.7300460e-01   6.4729611e-01   7.2085248e-01
   1.6364424e-01   1.4904214e-01   1.4904214e-01   2.4713620e-01   9.3151336e-01
   1.3568082e-01   1.6429714e-01   1.6429714e-01   3.0735860e-01   9.1276191e-01
   5.0553401e-02   9.3523793e-02   9.3523793e-02   3.2447030e-01   9.3523793e-01
   5.1867048e-02   7.6763231e-02   7.6763231e-02   2.5457194e-01   9.5954038e-01
   8.0377569e-02   2.2304775e-01   2.2304775e-01   5.8417269e-01   7.4349251e-01
   5.0395306e-02   9.3231315e-02   9.3231315e-02   3.3296898e-01   9.3231315e-01
   4.6982726e-02   1.2168526e-01   1.2168526e-01   4.6119778e-01   8.6918043e-01
   4.6982726e-02   1.2168526e-01   1.2168526e-01   4.6119778e-01   8.6918043e-01
   2.5301132e-02   7.4891350e-02   7.4891350e-02   3.3433638e-01   9.3614187e-01
   1.3024482e-01   1.9276233e-01   1.9276233e-01   3.7551103e-01   8.7619240e-01
   2.6704011e-02   3.9521937e-02   3.9521937e-02   1.4114977e-01   9.8804841e-01
   2.4166567e-02   8.9416299e-02   8.9416299e-02   4.2883327e-01   8.9416299e-01
   1.1027632e-01   1.4507462e-01   1.4507462e-01   3.5158390e-01   9.0671638e-01
   4.8122151e-02   1.0683117e-01   1.0683117e-01   4.2696133e-01   8.9025979e-01
   1.3868409e-01   1.3061520e-01   1.3061520e-01   2.7608168e-01   9.3296569e-01
   1.0706355e-01   1.5845405e-01   1.5845405e-01   4.0421952e-01   8.8030029e-01
   4.7168391e-02   1.0471383e-01   1.0471383e-01   4.6302033e-01   8.7261523e-01
   4.5808643e-02   1.1864438e-01   1.1864438e-01   5.0155789e-01   8.4745989e-01
   8.0189006e-02   3.9559910e-02   3.9559910e-02   1.1100995e-01   9.8899775e-01
   4.5808643e-02   1.1864438e-01   1.1864438e-01   5.0155789e-01   8.4745989e-01
   1.3363867e-01   1.6182428e-01   1.6182428e-01   3.4860107e-01   8.9902381e-01
   1.4037934e-01   1.1332441e-01   1.1332441e-01   2.5054717e-01   9.4437011e-01
   2.6622949e-02   3.9401964e-02   3.9401964e-02   1.6082434e-01   9.8504910e-01
   2.1095904e-02   1.0927678e-01   1.0927678e-01   6.0532328e-01   7.8054844e-01
   1.4003516e-01   1.1304657e-01   1.1304657e-01   2.5954569e-01   9.4205474e-01
   1.4508664e-01   5.8562243e-02   5.8562243e-02   1.3943391e-01   9.7603739e-01
   5.3909023e-02   1.9946339e-02   1.9946339e-02   4.0706813e-02   9.9731693e-01
   5.3909023e-02   1.9946339e-02   1.9946339e-02   4.0706813e-02   9.9731693e-01
   5.3909023e-02   1.9946339e-02   1.9946339e-02   4.0706813e-02   9.9731693e-01
   5.3909023e-02   1.9946339e-02   1.9946339e-02   4.0706813e-02   9.9731693e-01
   5.3909023e-02   1.9946339e-02   1.9946339e-02   4.0706813e-02   9.9731693e-01
   5.3909023e-02   1.9946339e-02   1.9946339e-02   4.0706813e-02   9.9731693e-01
   5.3909023e-02   1.9946339e-02   1.9946339e-02   4.0706813e-02   9.9731693e-01
   5.3909023e-02   1.9946339e-02   1.9946339e-02   4.0706813e-02   9.9731693e-01
   5.3909023e-02   1.9946339e-02   1.9946339e-02   4.0706813e-02   9.9731693e-01
   5.3909023e-02   1.9946339e-02   1.9946339e-02   4.0706813e-02   9.9731693e-01
   5.3909023e-02   1.9946339e-02   1.9946339e-02   4.0706813e-02   9.9731693e-01
   5.3909023e-02   1.9946339e-02   1.9946339e-02   4.0706813e-02   9.9731693e-01
   5.3909023e-02   1.9946339e-02   1.9946339e-02   4.0706813e-02   9.9731693e-01
   5.3909023e-02   1.9946339e-02   1.9946339e-02   4.0706813e-02   9.9731693e-01
   5.3909023e-02   1.9946339e-02   1.9946339e-02   4.0706813e-02   9.9731693e-01
   5.3909023e-02   1.9946339e-02   1.9946339e-02   4.0706813e-02   9.9731693e-01
   5.3909023e-02   1.9946339e-02   1.9946339e-02   4.0706813e-02   9.9731693e-01
   5.2253662e-02   5.8001564e-02   5.8001564e-02   2.3674108e-01   9.6669274e-01
   5.3909023e-02   1.9946339e-02   1.9946339e-02   4.0706813e-02   9.9731693e-01
   5.3909023e-02   1.9946339e-02   1.9946339e-02   4.0706813e-02   9.9731693e-01
   5.3909023e-02   1.9946339e-02   1.9946339e-02   4.0706813e-02   9.9731693e-01
   5.3909023e-02   1.9946339e-02   1.9946339e-02   4.0706813e-02   9.9731693e-01
   5.3909023e-02   1.9946339e-02   1.9946339e-02   4.0706813e-02   9.9731693e-01
   1.2195472e-01   1.4439439e-01   1.4439439e-01   3.5914422e-01   9.0246496e-01
   1.7677528e-01   1.3081371e-01   1.3081371e-01   2.4789770e-01   9.3438364e-01
   8.8124537e-02   1.6303039e-01   1.6303039e-01   5.2402626e-01   8.1515196e-01
   1.4487841e-01   5.8478195e-02   5.8478195e-02   1.4917907e-01   9.7463658e-01
   5.3350986e-02   3.9479729e-02   3.9479729e-02   1.4099903e-01   9.8699324e-01
   2.4610182e-02   7.2846139e-02   7.2846139e-02   3.9953877e-01   9.1057673e-01
   9.0507193e-02   1.5069448e-01   1.5069448e-01   4.9548071e-01   8.3719154e-01
   9.3236956e-02   1.3799069e-01   1.3799069e-01   4.5762220e-01   8.6244184e-01
   9.5766992e-02   2.8347030e-01   2.8347030e-01   6.4425068e-01   6.4425068e-01
   5.2129537e-02   5.7863786e-02   5.7863786e-02   2.4601950e-01   9.6439643e-01
   1.0775235e-01   2.4645902e-01   2.4645902e-01   5.8434160e-01   7.2487946e-01
   1.1980299e-01   3.9401874e-02   3.9401874e-02   1.1056648e-01   9.8504684e-01
   4.8478549e-02   8.9685316e-02   8.9685316e-02   4.2097189e-01   8.9685316e-01
   1.2187726e-01   1.9677637e-01   1.9677637e-01   4.8524786e-01   8.1990156e-01
   6.8730320e-02   1.7437864e-01   1.7437864e-01   6.3760898e-01   7.2657767e-01
   1.4590971e-01   3.9262976e-02   3.9262976e-02   1.1017672e-01   9.8157439e-01
   1.4590971e-01   3.9262976e-02   3.9262976e-02   1.1017672e-01   9.8157439e-01
   1.4590971e-01   3.9262976e-02   3.9262976e-02   1.1017672e-01   9.8157439e-01
   2.1265809e-02   9.4420192e-02   9.4420192e-02   6.0216959e-01   7.8683493e-01
   1.3304442e-01   1.4320418e-01   1.4320418e-01   3.7444970e-01   8.9502611e-01
   1.4465681e-01   5.8388748e-02   5.8388748e-02   1.5888095e-01   9.7314581e-01
   1.3136032e-01   2.1061438e-01   2.1061438e-01   4.8768637e-01   8.1005533e-01
   2.5363445e-02   5.6306849e-02   5.6306849e-02   3.3515981e-01   9.3844748e-01
   1.9907842e-01   1.4731803e-01   1.4731803e-01   2.6306791e-01   9.2073767e-01
   1.3548037e-01   1.2759787e-01   1.2759787e-01   3.4410505e-01   9.1141338e-01
   5.1732775e-02   5.7423381e-02   5.7423381e-02   2.7344467e-01   9.5705634e-01
   1.3276970e-01   1.9649916e-01   1.9649916e-01   4.8456426e-01   8.1874651e-01
   4.9535599e-02   7.3312686e-02   7.3312686e-02   3.8339542e-01   9.1640857e-01
   1.1289255e-01   2.1264852e-01   2.1264852e-01   5.6571946e-01   7.5945900e-01
   2.6263216e-02   3.8869559e-02   3.8869559e-02   2.2806119e-01   9.7173898e-01
   2.5112541e-02   5.5749841e-02   5.5749841e-02   3.6028809e-01   9.2916401e-01
   4.6127780e-02   8.5336392e-02   8.5336392e-02   5.0505212e-01   8.5336392e-01
   4.9175709e-02   7.2780049e-02   7.2780049e-02   3.9917629e-01   9.0975061e-01
   3.9377852e-02   3.8852814e-02   3.8852814e-02   2.2796294e-01   9.7132034e-01
   1.3069452e-01   1.4067483e-01   1.4067483e-01   4.1269402e-01   8.7921770e-01
   4.0951841e-02   1.0606527e-01   1.0606527e-01   6.3391779e-01   7.5760907e-01
   1.6829918e-01   7.6640859e-02   7.6640859e-02   2.0528802e-01   9.5801074e-01
   1.8889841e-01   1.9220413e-01   1.9220413e-01   3.5659393e-01   8.7365514e-01
   2.0009883e-01   1.2956399e-01   1.2956399e-01   2.6441631e-01   9.2545709e-01
   9.2811027e-02   3.9245806e-02   3.9245806e-02   1.6018696e-01   9.8114514e-01
   4.6127780e-02   8.5336392e-02   8.5336392e-02   5.0505212e-01   8.5336392e-01
   4.6127780e-02   8.5336392e-02   8.5336392e-02   5.0505212e-01   8.5336392e-01
   4.8619538e-02   7.1956917e-02   7.1956917e-02   4.2219620e-01   8.9946146e-01
   1.5399623e-01   2.1163482e-01   2.1163482e-01   4.7343740e-01   8.1398009e-01
   5.0838792e-02   5.6431059e-02   5.6431059e-02   3.2630204e-01   9.4051766e-01
   1.3623507e-01   2.5923587e-01   2.5923587e-01   5.7314052e-01   7.2009963e-01
   1.2971677e-01   1.3962241e-01   1.3962241e-01   4.2741554e-01   8.7264006e-01
   1.4298104e-01   2.4184222e-01   2.4184222e-01   5.3982639e-01   7.5575695e-01
   1.8046783e-01   7.6312111e-02   7.6312111e-02   2.1414113e-01   9.5390139e-01
   1.7827582e-01   9.4231503e-02   9.4231503e-02   2.5000195e-01   9.4231503e-01
   1.0593017e-01   3.9194164e-02   3.9194164e-02   1.5997618e-01   9.7985410e-01
   1.3828609e-01   9.3028824e-02   9.3028824e-02   3.1326032e-01   9.3028824e-01
   1.4536386e-01   3.9116094e-02   3.9116094e-02   1.3970034e-01   9.7790236e-01
   5.2472170e-02   3.8829406e-02   3.8829406e-02   2.2782560e-01   9.7073515e-01
   1.1899424e-01   3.9135883e-02   3.9135883e-02   1.5973830e-01   9.7839706e-01
   1.7739235e-01   9.3764529e-02   9.3764529e-02   2.6789865e-01   9.3764529e-01
   1.8199843e-01   5.7719502e-02   5.7719502e-02   1.8650860e-01   9.6199170e-01
   1.8008434e-01   7.6149951e-02   7.6149951e-02   2.2339909e-01   9.5187439e-01
   1.8130055e-01   2.0124361e-01   2.0124361e-01   4.2781380e-01   8.3851505e-01
   1.4067792e-01   7.5710300e-02   7.5710300e-02   2.7039393e-01   9.4637875e-01
   1.3744643e-01   9.2463965e-02   9.2463965e-02   3.3022845e-01   9.2463965e-01
   1.3744643e-01   9.2463965e-02   9.2463965e-02   3.3022845e-01   9.2463965e-01
   2.1894933e-02   6.4809002e-02   6.4809002e-02   5.7865180e-01   8.1011252e-01
   1.7739235e-01   9.3764529e-02   9.3764529e-02   2.6789865e-01   9.3764529e-01
   1.8380875e-01   3.8862422e-02   3.8862422e-02   1.3879436e-01   9.7156054e-01
   1.8380875e-01   3.8862422e-02   3.8862422e-02   1.3879436e-01   9.7156054e-01
   1.8380875e-01   3.8862422e-02   3.8862422e-02   1.3879436e-01   9.7156054e-01
   1.8380875e-01   3.8862422e-02   3.8862422e-02   1.3879436e-01   9.7156054e-01
   1.8380875e-01   3.8862422e-02   3.8862422e-02   1.3879436e-01   9.7156054e-01
   1.8380875e-01   3.8862422e-02   3.8862422e-02   1.3879436e-01   9.7156054e-01
   2.3800770e-02   5.2837709e-02   5.2837709e-02   4.6727225e-01   8.8062848e-01
   1.7379795e-01   1.1023756e-01   1.1023756e-01   3.1871402e-01   9.1864629e-01
   1.3657385e-01   9.1876953e-02   9.1876953e-02   3.4688237e-01   9.1876953e-01
   4.2825913e-02   7.9227938e-02   7.9227938e-02   5.9825178e-01   7.9227938e-01
   1.4274822e-01   5.7618371e-02   5.7618371e-02   2.2537798e-01   9.6030618e-01
   2.0479661e-01   7.5774747e-02   7.5774747e-02   2.2229836e-01   9.4718433e-01
   2.0695163e-01   5.7429076e-02   5.7429076e-02   1.8557014e-01   9.5715127e-01
   1.3612591e-01   9.1575612e-02   9.1575612e-02   3.5508911e-01   9.1575612e-01
   1.4493157e-01   3.8999769e-02   3.8999769e-02   1.5918273e-01   9.7499422e-01
   1.3393416e-01   1.4866692e-01   1.4866692e-01   5.0566980e-01   8.2592735e-01
   1.2018640e-01   1.9763986e-02   1.9763986e-02   9.0752999e-02   9.8819932e-01
   1.2018640e-01   1.9763986e-02   1.9763986e-02   9.0752999e-02   9.8819932e-01
   5.1686991e-02   3.8248373e-02   3.8248373e-02   2.8295990e-01   9.5620932e-01
   1.4469545e-01   3.8936231e-02   3.8936231e-02   1.6885610e-01   9.7340576e-01
   1.7884845e-01   7.5627344e-02   7.5627344e-02   2.5080497e-01   9.4534180e-01
   1.1654967e-01   1.4113105e-01   1.4113105e-01   5.7604510e-01   7.8406139e-01
   1.3473887e-01   9.0642512e-02   9.0642512e-02   3.7921867e-01   9.0642512e-01
   1.4530703e-01   2.2939137e-01   2.2939137e-01   5.9981161e-01   7.1684803e-01
   1.0643954e-01   8.7516953e-02   8.7516953e-02   4.5544537e-01   8.7516953e-01
   1.3829948e-01   7.4430265e-02   7.4430265e-02   3.2278431e-01   9.3037832e-01
   1.6299116e-01   1.3784395e-01   1.3784395e-01   4.3955341e-01   8.6152468e-01
   1.9445796e-01   1.2591153e-01   1.2591153e-01   3.4873455e-01   8.9936805e-01
   1.8326917e-01   3.8748338e-02   3.8748338e-02   1.5815648e-01   9.6870846e-01
   2.4891349e-02   3.6839196e-02   3.6839196e-02   3.8530792e-01   9.2097990e-01
   1.2639063e-01   2.1378072e-01   2.1378072e-01   6.6806475e-01   6.6806475e-01
   1.7795649e-01   7.5250171e-02   7.5250171e-02   2.6875061e-01   9.4062714e-01
   1.9383047e-01   1.2550523e-01   1.2550523e-01   3.5675685e-01   8.9646593e-01
   1.6561166e-01   1.2255263e-01   1.2255263e-01   4.1982315e-01   8.7537592e-01
   1.9712301e-01   1.0940327e-01   1.0940327e-01   3.2560497e-01   9.1169390e-01
   1.9712301e-01   1.0940327e-01   1.0940327e-01   3.2560497e-01   9.1169390e-01
   1.2295740e-01   1.1580352e-01   1.1580352e-01   5.2331035e-01   8.2716797e-01
   2.0838193e-01   3.8550658e-02   3.8550658e-02   1.5734962e-01   9.6376644e-01
   2.0616646e-01   5.7211193e-02   5.7211193e-02   2.0432569e-01   9.5351988e-01
   1.4103204e-01   5.6925661e-02   5.6925661e-02   2.7107458e-01   9.4876102e-01
   1.2186832e-01   1.1477780e-01   1.1477780e-01   5.3540664e-01   8.1984142e-01
   1.4607870e-01   1.9654225e-02   1.9654225e-02   1.1030432e-01   9.8271125e-01
   1.1379145e-01   5.6137113e-02   5.6137113e-02   3.2460235e-01   9.3561855e-01
   1.7701316e-01   7.4851280e-02   7.4851280e-02   2.8642072e-01   9.3564100e-01
   1.7235901e-01   4.2145524e-01   4.2145524e-01   5.5454636e-01   5.5454636e-01
   1.2557870e-01   1.0137626e-01   1.0137626e-01   4.9998497e-01   8.4480218e-01
   1.4607870e-01   1.9654225e-02   1.9654225e-02   1.1030432e-01   9.8271125e-01
   1.4607870e-01   1.9654225e-02   1.9654225e-02   1.1030432e-01   9.8271125e-01
   1.4607870e-01   1.9654225e-02   1.9654225e-02   1.1030432e-01   9.8271125e-01
   1.4607870e-01   1.9654225e-02   1.9654225e-02   1.1030432e-01   9.8271125e-01
   1.4607870e-01   1.9654225e-02   1.9654225e-02   1.1030432e-01   9.8271125e-01
   1.4607870e-01   1.9654225e-02   1.9654225e-02   1.1030432e-01   9.8271125e-01
   1.4607870e-01   1.9654225e-02   1.9654225e-02   1.1030432e-01   9.8271125e-01
   1.4607870e-01   1.9654225e-02   1.9654225e-02   1.1030432e-01   9.8271125e-01
   1.4362257e-01   3.8647527e-02   3.8647527e-02   2.0704032e-01   9.6618818e-01
   1.3025308e-01   8.7624799e-02   8.7624799e-02   4.4706530e-01   8.7624799e-01
   1.4362257e-01   3.8647527e-02   3.8647527e-02   2.0704032e-01   9.6618818e-01
   2.0240013e-01   7.4888048e-02   7.4888048e-02   2.6745731e-01   9.3610060e-01
   4.9736495e-02   3.6805006e-02   3.6805006e-02   3.8495032e-01   9.2012516e-01
   1.9400004e-01   1.0767002e-01   1.0767002e-01   3.6622456e-01   8.9725018e-01
   1.7929766e-01   5.6862973e-02   5.6862973e-02   2.5143492e-01   9.4771622e-01
   1.1657910e-01   3.8341569e-02   3.8341569e-02   2.5430633e-01   9.5853923e-01
   2.1689935e-01   2.4457984e-01   2.4457984e-01   4.9914252e-01   7.6431199e-01
   1.6371476e-01   1.0384193e-01   1.0384193e-01   4.5033491e-01   8.6534944e-01
   1.4268942e-01   3.8396426e-02   3.8396426e-02   2.3508016e-01   9.5991066e-01
   4.3628778e-02   4.8427944e-02   4.8427944e-02   5.8475918e-01   8.0713239e-01
   2.2764489e-01   2.0856608e-01   2.0856608e-01   4.6657247e-01   8.0217723e-01
   1.1841669e-01   9.5594563e-02   9.5594563e-02   5.7714405e-01   7.9662136e-01
   1.8163489e-01   3.8402805e-02   3.8402805e-02   2.0572931e-01   9.6007014e-01
   2.4458134e-01   2.3607416e-01   2.3607416e-01   4.5769480e-01   7.8691386e-01
   1.7278117e-01   7.3061750e-02   7.3061750e-02   3.5412583e-01   9.1327188e-01
   1.4200981e-01   3.8213549e-02   3.8213549e-02   2.5345722e-01   9.5533874e-01
   1.9469091e-01   9.0044546e-02   9.0044546e-02   3.6752876e-01   9.0044546e-01
   4.7834575e-02   3.5397586e-02   3.5397586e-02   4.6052981e-01   8.8493964e-01
   1.7695496e-01   5.6120003e-02   5.6120003e-02   2.9587076e-01   9.3533338e-01
   4.7634957e-02   3.5249868e-02   3.5249868e-02   4.6760030e-01   8.8124671e-01
   1.0039680e-01   6.6038782e-02   6.6038782e-02   5.4751541e-01   8.2548478e-01
   1.7162251e-01   7.2571806e-02   7.2571806e-02   3.7026431e-01   9.0714757e-01
   1.3592980e-01   5.4866211e-02   5.4866211e-02   3.7323953e-01   9.1443684e-01
   1.6491181e-01   8.7167669e-02   8.7167669e-02   4.4473300e-01   8.7167669e-01
   1.8401731e-01   1.9453258e-02   1.9453258e-02   1.3895185e-01   9.7266292e-01
   1.8401731e-01   1.9453258e-02   1.9453258e-02   1.3895185e-01   9.7266292e-01
   1.8401731e-01   1.9453258e-02   1.9453258e-02   1.3895185e-01   9.7266292e-01
   1.8401731e-01   1.9453258e-02   1.9453258e-02   1.3895185e-01   9.7266292e-01
   1.8401731e-01   1.9453258e-02   1.9453258e-02   1.3895185e-01   9.7266292e-01
   1.8401731e-01   1.9453258e-02   1.9453258e-02   1.3895185e-01   9.7266292e-01
   1.8401731e-01   1.9453258e-02   1.9453258e-02   1.3895185e-01   9.7266292e-01
   1.8401731e-01   1.9453258e-02   1.9453258e-02   1.3895185e-01   9.7266292e-01
   1.4888169e-01   1.1017245e-01   1.1017245e-01   5.7816447e-01   7.8694609e-01
   1.8401731e-01   1.9453258e-02   1.9453258e-02   1.3895185e-01   9.7266292e-01
   1.8401731e-01   1.9453258e-02   1.9453258e-02   1.3895185e-01   9.7266292e-01
   1.0652423e-01   5.2551955e-02   5.2551955e-02   4.6474518e-01   8.7586591e-01
   1.4819052e-01   1.0966099e-01   1.0966099e-01   5.8347318e-01   7.8329276e-01
   1.2630190e-01   6.7973385e-02   6.7973385e-02   5.0286433e-01   8.4966731e-01
   1.2575013e-01   6.7676432e-02   6.7676432e-02   5.0929968e-01   8.4595540e-01
   4.6205532e-02   3.4192094e-02   3.4192094e-02   5.1462590e-01   8.5480234e-01
   1.2464056e-01   6.7079282e-02   6.7079282e-02   5.2191788e-01   8.3849102e-01
   1.9526169e-01   7.2246826e-02   7.2246826e-02   3.6860625e-01   9.0308532e-01
   1.5477574e-01   1.4316756e-01   1.4316756e-01   6.5009757e-01   7.1583778e-01
   2.6700249e-01   3.7634637e-02   3.7634637e-02   2.0161413e-01   9.4086592e-01
   2.6370034e-01   5.5753786e-02   5.5753786e-02   2.4653035e-01   9.2922976e-01
   1.6586122e-01   1.2273730e-01   1.2273730e-01   5.9490020e-01   7.6710815e-01
   2.6370034e-01   5.5753786e-02   5.5753786e-02   2.4653035e-01   9.2922976e-01
   2.3010552e-01   3.7839574e-02   3.7839574e-02   2.2201791e-01   9.4598934e-01
   2.8024940e-01   9.0167198e-02   9.0167198e-02   3.0362424e-01   9.0167198e-01
   2.6572518e-01   1.3679070e-01   1.3679070e-01   4.0129926e-01   8.5494189e-01
   1.9952429e-01   5.5367991e-02   5.5367991e-02   3.2015505e-01   9.2279985e-01
   1.5539283e-01   8.2136209e-02   8.2136209e-02   5.3639973e-01   8.2136209e-01
   1.7142274e-01   5.4365497e-02   5.4365497e-02   3.7907915e-01   9.0609162e-01
   2.0861459e-01   1.9296849e-02   1.9296849e-02   1.5752530e-01   9.6484247e-01
   2.0861459e-01   1.9296849e-02   1.9296849e-02   1.5752530e-01   9.6484247e-01
   2.0861459e-01   1.9296849e-02   1.9296849e-02   1.5752530e-01   9.6484247e-01
   2.0861459e-01   1.9296849e-02   1.9296849e-02   1.5752530e-01   9.6484247e-01
   2.0861459e-01   1.9296849e-02   1.9296849e-02   1.5752530e-01   9.6484247e-01
   2.0861459e-01   1.9296849e-02   1.9296849e-02   1.5752530e-01   9.6484247e-01
   2.0861459e-01   1.9296849e-02   1.9296849e-02   1.5752530e-01   9.6484247e-01
   1.9183073e-01   7.0977369e-02   7.0977369e-02   4.0739561e-01   8.8721712e-01
   2.0861459e-01   1.9296849e-02   1.9296849e-02   1.5752530e-01   9.6484247e-01
   2.0861459e-01   1.9296849e-02   1.9296849e-02   1.5752530e-01   9.6484247e-01
   2.0861459e-01   1.9296849e-02   1.9296849e-02   1.5752530e-01   9.6484247e-01
   2.0861459e-01   1.9296849e-02   1.9296849e-02   1.5752530e-01   9.6484247e-01
   2.0861459e-01   1.9296849e-02   1.9296849e-02   1.5752530e-01   9.6484247e-01
   2.0427441e-01   3.7790766e-02   3.7790766e-02   2.5065304e-01   9.4476914e-01
   2.6592618e-01   3.7482928e-02   3.7482928e-02   2.1992534e-01   9.3707319e-01
   2.0377316e-01   3.7698034e-02   3.7698034e-02   2.5965482e-01   9.4245084e-01
   2.6592618e-01   3.7482928e-02   3.7482928e-02   2.1992534e-01   9.3707319e-01
   2.6592618e-01   3.7482928e-02   3.7482928e-02   2.1992534e-01   9.3707319e-01
   1.6064805e-01   6.7931174e-02   6.7931174e-02   4.9388736e-01   8.4913968e-01
   1.8008058e-01   8.3287270e-02   8.3287270e-02   5.0992206e-01   8.3287270e-01
   2.8921900e-01   3.7221228e-02   3.7221228e-02   2.1838986e-01   9.3053071e-01
   1.4836786e-01   7.8423012e-02   7.8423012e-02   5.9217376e-01   7.8423012e-01
   2.8546775e-01   5.5107688e-02   5.5107688e-02   2.6241756e-01   9.1846147e-01
   1.9570912e-01   5.4309281e-02   5.4309281e-02   3.6945089e-01   9.0515468e-01
   1.0668805e-01   3.5088513e-02   3.5088513e-02   4.6545987e-01   8.7721284e-01
   1.0668805e-01   3.5088513e-02   3.5088513e-02   4.6545987e-01   8.7721284e-01
   1.5794165e-01   1.0226722e-01   1.0226722e-01   6.4848748e-01   7.3048015e-01
   1.5577161e-01   6.5869138e-02   6.5869138e-02   5.3770725e-01   8.2336422e-01
   1.7516440e-01   3.7034758e-02   3.7034758e-02   3.3066748e-01   9.2586895e-01
   1.5340612e-01   9.9330465e-02   9.9330465e-02   6.7330417e-01   7.0950332e-01
   2.6476673e-01   3.7319501e-02   3.7319501e-02   2.3800702e-01   9.3298754e-01
   1.6438548e-01   5.2133682e-02   5.2133682e-02   4.6104617e-01   8.6889470e-01
   2.1177600e-01   1.9078255e-01   1.9078255e-01   6.4660266e-01   6.8136625e-01
   1.6988514e-01   1.1174667e-01   1.1174667e-01   6.7703658e-01   6.9841669e-01
   1.9153882e-01   5.3152021e-02   5.3152021e-02   4.1581513e-01   8.8586702e-01
   1.1640517e-01   4.6985359e-02   4.6985359e-02   6.0729376e-01   7.8308932e-01
   1.3003157e-01   3.4990313e-02   3.4990313e-02   4.6415721e-01   8.7475781e-01
   1.1640517e-01   4.6985359e-02   4.6985359e-02   6.0729376e-01   7.8308932e-01
   2.2077777e-01   1.7047883e-01   1.7047883e-01   6.2334948e-01   7.1032847e-01
   2.5742377e-01   5.4426739e-02   5.4426739e-02   3.2396868e-01   9.0711232e-01
   2.8732128e-01   3.6977000e-02   3.6977000e-02   2.4525561e-01   9.2442499e-01
   2.8732128e-01   3.6977000e-02   3.6977000e-02   2.4525561e-01   9.2442499e-01
   2.4771564e-01   1.2751970e-01   1.2751970e-01   5.2048859e-01   7.9699815e-01
   1.8860274e-01   5.2337261e-02   5.2337261e-02   4.4504474e-01   8.7228769e-01
   2.8171909e-01   5.4384034e-02   5.4384034e-02   3.0521652e-01   9.0640056e-01
   2.5504214e-01   5.3923196e-02   5.3923196e-02   3.4848324e-01   8.9871993e-01
   2.8595060e-01   3.6800599e-02   3.6800599e-02   2.6286142e-01   9.2001498e-01
   2.6728657e-01   1.8837339e-02   1.8837339e-02   2.0182864e-01   9.4186697e-01
   2.6728657e-01   1.8837339e-02   1.8837339e-02   2.0182864e-01   9.4186697e-01
   2.6728657e-01   1.8837339e-02   1.8837339e-02   2.0182864e-01   9.4186697e-01
   2.6728657e-01   1.8837339e-02   1.8837339e-02   2.0182864e-01   9.4186697e-01
   2.6728657e-01   1.8837339e-02   1.8837339e-02   2.0182864e-01   9.4186697e-01
   2.6728657e-01   1.8837339e-02   1.8837339e-02   2.0182864e-01   9.4186697e-01
   2.6728657e-01   1.8837339e-02   1.8837339e-02   2.0182864e-01   9.4186697e-01
   2.6728657e-01   1.8837339e-02   1.8837339e-02   2.0182864e-01   9.4186697e-01
   2.6728657e-01   1.8837339e-02   1.8837339e-02   2.0182864e-01   9.4186697e-01
   2.6728657e-01   1.8837339e-02   1.8837339e-02   2.0182864e-01   9.4186697e-01
   2.6728657e-01   1.8837339e-02   1.8837339e-02   2.0182864e-01   9.4186697e-01
   2.6728657e-01   1.8837339e-02   1.8837339e-02   2.0182864e-01   9.4186697e-01
   2.3363401e-01   8.2328175e-02   8.2328175e-02   5.0405005e-01   8.2328175e-01
   2.7050016e-01   6.9624390e-02   6.9624390e-02   3.9962979e-01   8.7030488e-01
   2.4202196e-01   6.8227142e-02   6.8227142e-02   4.5252696e-01   8.5283928e-01
   2.7849557e-01   1.8735157e-02   1.8735157e-02   2.1029257e-01   9.3675783e-01
   1.1995987e-01   3.2280110e-02   3.2280110e-02   5.7643054e-01   8.0700276e-01
   2.5662544e-01   8.2566444e-02   8.2566444e-02   4.8865855e-01   8.2566444e-01
   2.7575651e-01   5.3232995e-02   5.3232995e-02   3.6212922e-01   8.8721659e-01
   2.7484569e-01   5.3057168e-02   5.3057168e-02   3.6995644e-01   8.8428613e-01
   1.4259465e-01   4.5222875e-02   4.5222875e-02   6.3835011e-01   7.5371459e-01
   2.5784846e-01   3.6344354e-02   3.6344354e-02   3.2450316e-01   9.0860885e-01
   2.9764342e-01   8.4713895e-02   8.4713895e-02   4.2356948e-01   8.4713895e-01
   2.4302815e-01   9.3829998e-02   9.3829998e-02   5.5851189e-01   7.8191665e-01
   2.8951999e-01   1.8629982e-02   1.8629982e-02   2.1861714e-01   9.3149910e-01
   2.8951999e-01   1.8629982e-02   1.8629982e-02   2.1861714e-01   9.3149910e-01
   2.8951999e-01   1.8629982e-02   1.8629982e-02   2.1861714e-01   9.3149910e-01
   2.8951999e-01   1.8629982e-02   1.8629982e-02   2.1861714e-01   9.3149910e-01
   2.8951999e-01   1.8629982e-02   1.8629982e-02   2.1861714e-01   9.3149910e-01
   2.8951999e-01   1.8629982e-02   1.8629982e-02   2.1861714e-01   9.3149910e-01
   2.8951999e-01   1.8629982e-02   1.8629982e-02   2.1861714e-01   9.3149910e-01
   2.8951999e-01   1.8629982e-02   1.8629982e-02   2.1861714e-01   9.3149910e-01
   2.6250635e-01   6.7566853e-02   6.7566853e-02   4.5676571e-01   8.4458566e-01
   2.0700203e-01   8.7532288e-02   8.7532288e-02   6.4011707e-01   7.2943573e-01
   2.6812938e-01   5.1760629e-02   5.1760629e-02   4.2253574e-01   8.6267714e-01
   2.5293873e-01   3.5652316e-02   3.5652316e-02   3.7289413e-01   8.9130791e-01
   2.3061777e-01   4.8759186e-02   4.8759186e-02   5.3071223e-01   8.1265310e-01
   1.7310300e-01   3.2024055e-02   3.2024055e-02   5.7185812e-01   8.0060137e-01
   2.2449553e-01   4.7464770e-02   4.7464770e-02   5.6505679e-01   7.9107950e-01
   2.2563361e-01   5.8076130e-02   5.8076130e-02   6.4446726e-01   7.2595162e-01
   2.2380980e-01   4.3205023e-02   4.3205023e-02   6.5395357e-01   7.2008371e-01
   2.2620656e-01   2.9111800e-02   2.9111800e-02   6.4610373e-01   7.2779501e-01
   3.6738689e-01   4.6605651e-02   4.6605651e-02   5.0727239e-01   7.7676085e-01
   4.3171452e-01   1.6814144e-02   1.6814144e-02   3.2598851e-01   8.4070722e-01
   4.3171452e-01   1.6814144e-02   1.6814144e-02   3.2598851e-01   8.4070722e-01
   4.4741869e-01   1.6554492e-02   1.6554492e-02   3.3784677e-01   8.2772458e-01
   6.2366407e-01   1.2473281e-02   1.2473281e-02   4.7093002e-01   6.2366407e-01
   1.4991837e-02   4.7704024e-01   4.7704024e-01   4.8677576e-01   5.5469796e-01
   6.6751901e-02   3.6224032e-01   3.6224032e-01   2.3522099e-01   8.2327345e-01
   1.6948668e-02   4.2642848e-01   4.2642848e-01   4.9272198e-01   6.2710071e-01
   1.4345405e-02   4.6708640e-01   4.6708640e-01   5.3078000e-01   5.3078000e-01
   0.0000000e+00   3.5528077e-01   3.5528077e-01   5.2985359e-01   6.8323226e-01
   1.4776303e-02   4.4831303e-01   4.4831303e-01   5.4672320e-01   5.4672320e-01
   3.2688489e-02   3.3865275e-01   3.3865275e-01   3.4556403e-01   8.0631607e-01
   2.5174263e-02   2.0491850e-01   2.0491850e-01   2.1860508e-01   9.3144774e-01
   2.1136292e-02   3.2845798e-01   3.2845798e-01   4.1496149e-01   7.8204280e-01
   2.4246043e-02   2.3324693e-01   2.3324693e-01   2.9293178e-01   8.9710358e-01
   5.3590154e-02   7.9313428e-02   7.9313428e-02   4.0466035e-02   9.9141785e-01
   2.5008759e-02   2.0357130e-01   2.0357130e-01   2.4549414e-01   9.2532407e-01
   2.4889223e-02   2.0259827e-01   2.0259827e-01   2.6311464e-01   9.2090124e-01
   3.5749500e-02   2.4690988e-01   2.4690988e-01   3.1493607e-01   8.8182100e-01
   4.6383793e-02   2.7459205e-01   2.7459205e-01   3.3273272e-01   8.5810016e-01
   5.2697932e-02   1.1698941e-01   1.1698941e-01   1.3927310e-01   9.7491173e-01
   3.9817696e-02   9.8216982e-02   9.8216982e-02   1.2026569e-01   9.8216982e-01
   3.1884212e-02   3.8930622e-01   3.8930622e-01   5.8985792e-01   5.8985792e-01
   3.7085099e-02   1.8295315e-01   1.8295315e-01   3.0803337e-01   9.1476577e-01
   5.0089692e-02   1.8533186e-01   1.8533186e-01   2.6475980e-01   9.2665931e-01
   2.4038247e-02   1.9567133e-01   1.9567133e-01   3.6302659e-01   8.8941515e-01
   2.3958457e-02   1.9502184e-01   1.9502184e-01   3.7086714e-01   8.8646292e-01
   4.7472612e-02   2.2834326e-01   2.2834326e-01   3.4950499e-01   8.7824332e-01
   1.1978547e-02   1.7728249e-01   1.7728249e-01   3.8893608e-01   8.8641247e-01
   5.0419818e-02   1.6789799e-01   1.6789799e-01   2.6650475e-01   9.3276663e-01
   2.6680700e-02   7.8974871e-02   7.8974871e-02   1.1080658e-01   9.8718589e-01
   2.6408570e-02   9.7711710e-02   9.7711710e-02   1.5952932e-01   9.7711710e-01
   2.1318699e-02   2.3663755e-01   2.3663755e-01   5.1512937e-01   7.8879185e-01
   4.6458233e-02   3.3003929e-01   3.3003929e-01   5.5427517e-01   6.8758185e-01
   2.6007658e-02   1.1547400e-01   1.1547400e-01   2.1602279e-01   9.6228336e-01
   5.2761974e-02   9.7609652e-02   9.7609652e-02   1.5936270e-01   9.7609652e-01
   2.6579750e-02   7.8676061e-02   7.8676061e-02   1.4049297e-01   9.8345076e-01
   5.0720794e-02   1.5013355e-01   1.5013355e-01   2.6809562e-01   9.3833468e-01
   2.6579750e-02   7.8676061e-02   7.8676061e-02   1.4049297e-01   9.8345076e-01
   2.5770222e-02   1.1441979e-01   1.1441979e-01   2.5296891e-01   9.5349822e-01
   5.2761974e-02   9.7609652e-02   9.7609652e-02   1.5936270e-01   9.7609652e-01
   2.5240692e-02   1.3074679e-01   1.3074679e-01   3.0494877e-01   9.3390562e-01
   2.5770222e-02   1.1441979e-01   1.1441979e-01   2.5296891e-01   9.5349822e-01
   2.4648736e-02   1.4592052e-01   1.4592052e-01   3.5363391e-01   9.1200324e-01
   2.6951716e-02   3.9888539e-02   3.9888539e-02   4.0702591e-02   9.9721347e-01
   2.5639489e-02   1.1383933e-01   1.1383933e-01   2.7104603e-01   9.4866110e-01
   2.3156084e-02   1.7135502e-01   1.7135502e-01   4.5461536e-01   8.5677511e-01
   4.1240703e-02   2.4414496e-01   2.4414496e-01   5.4496643e-01   7.6295300e-01
   5.3844794e-02   3.9845148e-02   3.9845148e-02   4.0658314e-02   9.9612869e-01
   9.3325565e-03   1.9337057e-01   1.9337057e-01   6.6946808e-01   6.9060918e-01
   5.3844794e-02   3.9845148e-02   3.9845148e-02   4.0658314e-02   9.9612869e-01
   7.9786241e-02   2.3616727e-01   2.3616727e-01   4.1312059e-01   8.4345455e-01
   2.6753803e-02   5.9393442e-02   5.9393442e-02   1.1111018e-01   9.8989070e-01
   2.1194347e-02   1.8820580e-01   1.8820580e-01   5.6013631e-01   7.8419084e-01
   5.0433212e-02   1.3062202e-01   1.3062202e-01   3.0465777e-01   9.3301442e-01
   5.2943882e-02   7.8356945e-02   7.8356945e-02   1.5991213e-01   9.7946181e-01
   2.5125592e-02   1.1155763e-01   1.1155763e-01   3.3201675e-01   9.2964691e-01
   5.1228488e-02   1.1372724e-01   1.1372724e-01   2.7077915e-01   9.4772703e-01
   2.6652024e-02   5.9167494e-02   5.9167494e-02   1.4087499e-01   9.8612490e-01
   2.6144980e-02   7.7389142e-02   7.7389142e-02   2.2703447e-01   9.6736427e-01
   5.2764981e-02   7.8092172e-02   7.8092172e-02   1.7929325e-01   9.7615215e-01
   6.3988398e-02   1.1364339e-01   1.1364339e-01   2.7057951e-01   9.4702828e-01
   5.0952851e-02   1.1311533e-01   1.1311533e-01   2.8855951e-01   9.4262774e-01
   1.8236844e-01   9.6394746e-02   9.6394746e-02   1.3770678e-01   9.6394746e-01
   3.5377902e-02   1.3962479e-01   1.3962479e-01   4.4523210e-01   8.7265492e-01
   4.3754327e-02   1.7808011e-01   1.7808011e-01   5.2862371e-01   8.0945505e-01
   4.6534885e-02   1.5496117e-01   1.5496117e-01   4.5680163e-01   8.6089538e-01
   3.6379447e-02   2.1536633e-01   2.1536633e-01   6.7301977e-01   6.7301977e-01
   8.2366591e-02   1.7414651e-01   1.7414651e-01   4.1759621e-01   8.7073253e-01
   3.8910798e-02   2.0155793e-01   2.0155793e-01   6.3170489e-01   7.1984976e-01
   2.1032713e-02   1.4007787e-01   1.4007787e-01   5.9556916e-01   7.7821037e-01
   5.0203667e-02   1.1145214e-01   1.1145214e-01   3.3170280e-01   9.2876783e-01
   4.5969006e-02   1.5307679e-01   1.5307679e-01   4.7728024e-01   8.5042661e-01
   5.0203667e-02   1.1145214e-01   1.1145214e-01   3.3170280e-01   9.2876783e-01
   2.4267268e-02   1.0774667e-01   1.0774667e-01   4.1229592e-01   8.9788890e-01
   2.4081997e-02   1.0692407e-01   1.0692407e-01   4.2733258e-01   8.9103390e-01
   5.3664897e-02   3.9712023e-02   3.9712023e-02   9.1175564e-02   9.9280059e-01
   2.6806389e-02   3.9673455e-02   3.9673455e-02   1.1132857e-01   9.9183638e-01
   2.6806389e-02   3.9673455e-02   3.9673455e-02   1.1132857e-01   9.9183638e-01
   2.6806389e-02   3.9673455e-02   3.9673455e-02   1.1132857e-01   9.9183638e-01
   4.9717078e-02   1.1037191e-01   1.1037191e-01   3.5664394e-01   9.1976595e-01
   3.8618600e-02   7.6207371e-02   7.6207371e-02   2.8188951e-01   9.5259214e-01
   1.0966494e-01   1.6230411e-01   1.6230411e-01   3.4963470e-01   9.0168949e-01
   1.4331401e-01   9.6411246e-02   9.6411246e-02   1.7708188e-01   9.6411246e-01
   2.6327469e-02   5.8446982e-02   5.8446982e-02   2.0873922e-01   9.7411637e-01
   2.7000755e-02   1.9980559e-02   1.9980559e-02   2.0388325e-02   9.9902794e-01
   2.7000755e-02   1.9980559e-02   1.9980559e-02   2.0388325e-02   9.9902794e-01
   2.7000755e-02   1.9980559e-02   1.9980559e-02   2.0388325e-02   9.9902794e-01
   2.7000755e-02   1.9980559e-02   1.9980559e-02   2.0388325e-02   9.9902794e-01
   2.7000755e-02   1.9980559e-02   1.9980559e-02   2.0388325e-02   9.9902794e-01
   2.7000755e-02   1.9980559e-02   1.9980559e-02   2.0388325e-02   9.9902794e-01
   2.7000755e-02   1.9980559e-02   1.9980559e-02   2.0388325e-02   9.9902794e-01
   2.7000755e-02   1.9980559e-02   1.9980559e-02   2.0388325e-02   9.9902794e-01
   2.7000755e-02   1.9980559e-02   1.9980559e-02   2.0388325e-02   9.9902794e-01
   2.7000755e-02   1.9980559e-02   1.9980559e-02   2.0388325e-02   9.9902794e-01
   2.7000755e-02   1.9980559e-02   1.9980559e-02   2.0388325e-02   9.9902794e-01
   1.3194329e-01   1.9527607e-01   1.9527607e-01   3.4417860e-01   8.8761849e-01
   2.6271721e-02   5.8323220e-02   5.8323220e-02   2.1821613e-01   9.7205366e-01
   1.0422870e-01   1.8853814e-01   1.8853814e-01   4.2849577e-01   8.5699154e-01
   5.2020338e-02   1.6937822e-01   1.6937822e-01   5.8920995e-01   7.6990100e-01
   3.7447789e-02   9.2371213e-02   9.2371213e-02   3.5817409e-01   9.2371213e-01
   4.0472187e-02   1.9966279e-02   1.9966279e-02   3.0560631e-02   9.9831395e-01
   4.8853306e-02   1.0845434e-01   1.0845434e-01   3.9655924e-01   9.0378617e-01
   2.6153624e-02   5.8061045e-02   5.8061045e-02   2.3698386e-01   9.6768408e-01
   1.4325033e-01   1.9434295e-01   1.9434295e-01   3.5154800e-01   8.8337703e-01
   2.6704011e-02   3.9521937e-02   3.9521937e-02   1.4114977e-01   9.8804841e-01
   4.8307883e-02   1.0724350e-01   1.0724350e-01   4.1948988e-01   8.9369584e-01
   1.1912244e-01   5.8767072e-02   5.8767072e-02   1.3992160e-01   9.7945120e-01
   1.7585647e-01   1.4872433e-01   1.4872433e-01   2.4660922e-01   9.2952705e-01
   5.3424192e-02   3.9533902e-02   3.9533902e-02   1.3110733e-01   9.8834754e-01
   3.7850655e-02   1.5405216e-01   1.5405216e-01   6.7880128e-01   7.0023711e-01
   2.0994265e-02   1.0875029e-01   1.0875029e-01   6.1033327e-01   7.7678780e-01
   2.0994265e-02   1.0875029e-01   1.0875029e-01   6.1033327e-01   7.7678780e-01
   5.3909023e-02   1.9946339e-02   1.9946339e-02   4.0706813e-02   9.9731693e-01
   5.3909023e-02   1.9946339e-02   1.9946339e-02   4.0706813e-02   9.9731693e-01
   5.3909023e-02   1.9946339e-02   1.9946339e-02   4.0706813e-02   9.9731693e-01
   5.3909023e-02   1.9946339e-02   1.9946339e-02   4.0706813e-02   9.9731693e-01
   5.3909023e-02   1.9946339e-02   1.9946339e-02   4.0706813e-02   9.9731693e-01
   5.3909023e-02   1.9946339e-02   1.9946339e-02   4.0706813e-02   9.9731693e-01
   5.3909023e-02   1.9946339e-02   1.9946339e-02   4.0706813e-02   9.9731693e-01
   5.3909023e-02   1.9946339e-02   1.9946339e-02   4.0706813e-02   9.9731693e-01
   5.3909023e-02   1.9946339e-02   1.9946339e-02   4.0706813e-02   9.9731693e-01
   5.3909023e-02   1.9946339e-02   1.9946339e-02   4.0706813e-02   9.9731693e-01
   5.3909023e-02   1.9946339e-02   1.9946339e-02   4.0706813e-02   9.9731693e-01
   5.3909023e-02   1.9946339e-02   1.9946339e-02   4.0706813e-02   9.9731693e-01
   4.5007995e-02   1.1657071e-01   1.1657071e-01   5.2677725e-01   8.3264791e-01
   5.3909023e-02   1.9946339e-02   1.9946339e-02   4.0706813e-02   9.9731693e-01
   5.0713340e-02   7.5055744e-02   7.5055744e-02   3.2549685e-01   9.3819680e-01
   1.3968066e-01   1.1276039e-01   1.1276039e-01   2.6847712e-01   9.3966991e-01
   1.7075457e-01   5.8319253e-02   5.8319253e-02   1.3885536e-01   9.7198755e-01
   8.7961709e-02   9.2988093e-02   9.2988093e-02   3.3210033e-01   9.2988093e-01
   1.0341080e-01   1.5304798e-01   1.5304798e-01   4.6851423e-01   8.5026657e-01
   1.4590971e-01   3.9262976e-02   3.9262976e-02   1.1017672e-01   9.8157439e-01
   2.2569625e-02   8.3507612e-02   8.3507612e-02   5.3683465e-01   8.3507612e-01
   6.8081708e-02   1.5833860e-01   1.5833860e-01   6.5362410e-01   7.1972092e-01
   8.8182457e-02   1.4682379e-01   1.4682379e-01   5.3269403e-01   8.1568773e-01
   2.6321509e-02   3.8955834e-02   3.8955834e-02   2.1862968e-01   9.7389585e-01
   7.7870425e-02   5.7624114e-02   5.7624114e-02   2.5480051e-01   9.6040191e-01
   1.2324751e-01   2.2800790e-01   2.2800790e-01   5.5063131e-01   7.6002632e-01
   1.7025287e-01   5.8147903e-02   5.8147903e-02   1.5822559e-01   9.6913171e-01
   1.0377879e-01   2.2340743e-01   2.2340743e-01   6.3403256e-01   6.9814821e-01
   4.6127780e-02   8.5336392e-02   8.5336392e-02   5.0505212e-01   8.5336392e-01
   1.7252256e-01   1.2766670e-01   1.2766670e-01   3.2568035e-01   9.1190498e-01
   1.4104009e-01   7.5905213e-02   7.5905213e-02   2.6140826e-01   9.4881516e-01
   6.8653081e-02   1.3063700e-01   1.3063700e-01   6.5910960e-01   7.2576114e-01
   1.2770739e-01   1.3745959e-01   1.3745959e-01   4.5586089e-01   8.5912245e-01
   8.2631992e-02   8.7353820e-02   8.7353820e-02   4.6351007e-01   8.7353820e-01
   1.3425440e-01   1.0837992e-01   1.0837992e-01   3.7785516e-01   9.0316600e-01
   1.2395030e-01   9.1723222e-02   9.1723222e-02   3.5566147e-01   9.1723222e-01
   1.8380875e-01   3.8862422e-02   3.8862422e-02   1.3879436e-01   9.7156054e-01
   1.8380875e-01   3.8862422e-02   3.8862422e-02   1.3879436e-01   9.7156054e-01
   1.8380875e-01   3.8862422e-02   3.8862422e-02   1.3879436e-01   9.7156054e-01
   2.5568741e-02   3.7841737e-02   3.7841737e-02   3.1856565e-01   9.4604343e-01
   1.4274822e-01   5.7618371e-02   5.7618371e-02   2.2537798e-01   9.6030618e-01
   1.6546487e-01   1.3993600e-01   1.3993600e-01   4.1052653e-01   8.7460001e-01
   1.2018640e-01   1.9763986e-02   1.9763986e-02   9.0752999e-02   9.8819932e-01
   2.0226961e-01   9.3549695e-02   9.3549695e-02   2.5773896e-01   9.3549695e-01
   1.7884845e-01   7.5627344e-02   7.5627344e-02   2.5080497e-01   9.4534180e-01
   5.1542436e-02   3.8141403e-02   3.8141403e-02   2.9189849e-01   9.5353506e-01
   1.8130098e-01   5.7498309e-02   5.7498309e-02   2.0535110e-01   9.5830515e-01
   1.5815963e-01   2.3407626e-01   2.3407626e-01   5.7474081e-01   7.3148831e-01
   5.1394249e-02   3.8031744e-02   3.8031744e-02   3.0076124e-01   9.5079360e-01
   1.6299116e-01   1.3784395e-01   1.3784395e-01   4.3955341e-01   8.6152468e-01
   1.4175130e-01   5.7215980e-02   5.7215980e-02   2.5299583e-01   9.5359967e-01
   1.6684088e-01   1.2346225e-01   1.2346225e-01   4.0494179e-01   8.8187324e-01
   1.8704107e-01   9.2273594e-02   9.2273594e-02   3.1071721e-01   9.2273594e-01
   2.0838193e-01   3.8550658e-02   3.8550658e-02   1.5734962e-01   9.6376644e-01
   2.0616646e-01   5.7211193e-02   5.7211193e-02   2.0432569e-01   9.5351988e-01
   1.1703996e-01   1.2597755e-01   1.2597755e-01   5.7846836e-01   7.8735971e-01
   1.4607870e-01   1.9654225e-02   1.9654225e-02   1.1030432e-01   9.8271125e-01
   1.4607870e-01   1.9654225e-02   1.9654225e-02   1.1030432e-01   9.8271125e-01
   1.4607870e-01   1.9654225e-02   1.9654225e-02   1.1030432e-01   9.8271125e-01
   1.4607870e-01   1.9654225e-02   1.9654225e-02   1.1030432e-01   9.8271125e-01
   1.4607870e-01   1.9654225e-02   1.9654225e-02   1.1030432e-01   9.8271125e-01
   2.1409442e-02   4.7528962e-02   4.7528962e-02   6.0623676e-01   7.9214937e-01
   2.1199935e-02   4.7063856e-02   4.7063856e-02   6.1631239e-01   7.8439759e-01
   2.0240013e-01   7.4888048e-02   7.4888048e-02   2.6745731e-01   9.3610060e-01
   1.5232317e-01   2.1134840e-01   2.1134840e-01   6.2541874e-01   7.0449468e-01
   1.5600589e-01   2.0202763e-01   2.0202763e-01   6.1108941e-01   7.2152725e-01
   1.7497211e-01   1.6184920e-01   1.6184920e-01   5.1197197e-01   8.0924602e-01
   2.0531302e-01   5.6974362e-02   5.6974362e-02   2.2285890e-01   9.4957270e-01
   1.7929766e-01   5.6862973e-02   5.6862973e-02   2.5143492e-01   9.4771622e-01
   2.3259349e-01   2.8437082e-01   2.8437082e-01   4.7344229e-01   7.4834427e-01
   1.1582852e-01   1.0908940e-01   1.0908940e-01   5.9633421e-01   7.7921003e-01
   1.7839900e-01   5.6577968e-02   5.6577968e-02   2.6941889e-01   9.4296613e-01
   2.0574586e-01   2.1315271e-01   2.1315271e-01   5.3598896e-01   7.6125969e-01
   4.8809452e-02   3.6118994e-02   3.6118994e-02   4.2384534e-01   9.0297486e-01
   1.4235520e-01   3.8306489e-02   3.8306489e-02   2.4430159e-01   9.5766224e-01
   1.3731772e-01   5.5426425e-02   5.5426425e-02   3.4877172e-01   9.2377376e-01
   1.9964131e-01   7.3867286e-02   7.3867286e-02   3.1092097e-01   9.2334108e-01
   2.5180874e-01   1.2422564e-01   1.2422564e-01   3.4406519e-01   8.8732603e-01
   1.3588180e-01   1.0828734e-01   1.0828734e-01   5.9984243e-01   7.7348103e-01
   1.8707173e-01   1.0382481e-01   1.0382481e-01   4.4143202e-01   8.6520677e-01
   1.7593227e-01   5.5795662e-02   5.5795662e-02   3.1313892e-01   9.2992771e-01
   1.8401731e-01   1.9453258e-02   1.9453258e-02   1.3895185e-01   9.7266292e-01
   1.8401731e-01   1.9453258e-02   1.9453258e-02   1.3895185e-01   9.7266292e-01
   1.8401731e-01   1.9453258e-02   1.9453258e-02   1.3895185e-01   9.7266292e-01
   1.8401731e-01   1.9453258e-02   1.9453258e-02   1.3895185e-01   9.7266292e-01
   1.8401731e-01   1.9453258e-02   1.9453258e-02   1.3895185e-01   9.7266292e-01
   1.8401731e-01   1.9453258e-02   1.9453258e-02   1.3895185e-01   9.7266292e-01
   1.9129229e-01   1.1657577e-01   1.1657577e-01   4.9281302e-01   8.3268407e-01
   1.7486485e-01   5.5457139e-02   5.5457139e-02   3.3010202e-01   9.2428565e-01
   1.7486485e-01   5.5457139e-02   5.5457139e-02   3.3010202e-01   9.2428565e-01
   1.7581236e-01   1.1383851e-01   1.1383851e-01   5.3102510e-01   8.1313218e-01
   2.6700249e-01   3.7634637e-02   3.7634637e-02   2.0161413e-01   9.4086592e-01
   1.9891673e-01   5.5199393e-02   5.5199393e-02   3.2856781e-01   9.1998988e-01
   2.0861459e-01   1.9296849e-02   1.9296849e-02   1.5752530e-01   9.6484247e-01
   2.0861459e-01   1.9296849e-02   1.9296849e-02   1.5752530e-01   9.6484247e-01
   2.0861459e-01   1.9296849e-02   1.9296849e-02   1.5752530e-01   9.6484247e-01
   2.0861459e-01   1.9296849e-02   1.9296849e-02   1.5752530e-01   9.6484247e-01
   2.0861459e-01   1.9296849e-02   1.9296849e-02   1.5752530e-01   9.6484247e-01
   1.7824572e-01   3.7686238e-02   3.7686238e-02   2.7880125e-01   9.4215594e-01
   1.1733112e-01   6.3145478e-02   6.3145478e-02   5.9601599e-01   7.8931847e-01
   1.3709508e-01   3.6891039e-02   3.6891039e-02   3.5761721e-01   9.2227597e-01
   2.4431158e-01   1.0330890e-01   1.0330890e-01   4.2166897e-01   8.6090747e-01
   2.8921900e-01   3.7221228e-02   3.7221228e-02   2.1838986e-01   9.3053071e-01
   2.6887583e-01   1.0380945e-01   1.0380945e-01   3.9723005e-01   8.6507877e-01
   1.7516440e-01   3.7034758e-02   3.7034758e-02   3.3066748e-01   9.2586895e-01
   1.6303922e-01   9.0486769e-02   9.0486769e-02   6.2325070e-01   7.5405641e-01
   1.8209851e-01   6.7376450e-02   6.7376450e-02   4.9844823e-01   8.4220563e-01
   1.7138252e-01   7.9264417e-02   7.9264417e-02   5.7426261e-01   7.9264417e-01
   2.6415691e-01   3.7233546e-02   3.7233546e-02   2.4695719e-01   9.3083865e-01
   2.5742377e-01   5.4426739e-02   5.4426739e-02   3.2396868e-01   9.0711232e-01
   2.5742377e-01   5.4426739e-02   5.4426739e-02   3.2396868e-01   9.0711232e-01
   2.4244137e-01   1.2480460e-01   1.2480460e-01   5.4920392e-01   7.8002876e-01
   2.5504214e-01   5.3923196e-02   5.3923196e-02   3.4848324e-01   8.9871993e-01
   2.8009450e-01   5.4070417e-02   5.4070417e-02   3.2184772e-01   9.0117362e-01
   2.5338540e-01   5.3572913e-02   5.3572913e-02   3.6444158e-01   8.9288188e-01
   2.8595060e-01   3.6800599e-02   3.6800599e-02   2.6286142e-01   9.2001498e-01
   2.6728657e-01   1.8837339e-02   1.8837339e-02   2.0182864e-01   9.4186697e-01
   2.6728657e-01   1.8837339e-02   1.8837339e-02   2.0182864e-01   9.4186697e-01
   2.8519500e-01   1.0130126e-01   1.0130126e-01   4.3070265e-01   8.4417720e-01
   2.6728657e-01   1.8837339e-02   1.8837339e-02   2.0182864e-01   9.4186697e-01
   2.6728657e-01   1.8837339e-02   1.8837339e-02   2.0182864e-01   9.4186697e-01
   2.7665362e-01   5.3406176e-02   5.3406176e-02   3.5422464e-01   8.9010294e-01
   2.5936902e-01   3.6558681e-02   3.6558681e-02   3.0776440e-01   9.1396702e-01
   1.4540862e-01   4.6115306e-02   4.6115306e-02   6.1957639e-01   7.6858844e-01
   2.8951999e-01   1.8629982e-02   1.8629982e-02   2.1861714e-01   9.3149910e-01
   2.8951999e-01   1.8629982e-02   1.8629982e-02   2.1861714e-01   9.3149910e-01
   2.8951999e-01   1.8629982e-02   1.8629982e-02   2.1861714e-01   9.3149910e-01
   2.8951999e-01   1.8629982e-02   1.8629982e-02   2.1861714e-01   9.3149910e-01
   2.8951999e-01   1.8629982e-02   1.8629982e-02   2.1861714e-01   9.3149910e-01
   2.8951999e-01   1.8629982e-02   1.8629982e-02   2.1861714e-01   9.3149910e-01
   2.8951999e-01   1.8629982e-02   1.8629982e-02   2.1861714e-01   9.3149910e-01
   2.6353599e-01   6.7831872e-02   6.7831872e-02   4.4990527e-01   8.4789840e-01
   2.8951999e-01   1.8629982e-02   1.8629982e-02   2.1861714e-01   9.3149910e-01
   2.2302652e-01   1.0045890e-01   1.0045890e-01   6.4434282e-01   7.1756360e-01
   1.6009231e-01   4.4425615e-02   4.4425615e-02   6.4976239e-01   7.4042691e-01
   2.7798014e-01   3.5774836e-02   3.5774836e-02   3.4679688e-01   8.9437089e-01
   2.4287136e-01   3.4233296e-02   3.4233296e-02   4.5411515e-01   8.5583240e-01
   2.5343378e-01   4.8923739e-02   4.8923739e-02   5.1586256e-01   8.1539566e-01
   4.3965826e-01   1.6684467e-02   1.6684467e-02   3.3198685e-01   8.3422336e-01
   6.1693715e-01   1.2681486e-02   1.2681486e-02   4.6585050e-01   6.3407430e-01
  -1.0000000e+00
  -1.0000000e+00
  -1.0000000e+00
  -1.0000000e+00
   1.0000000e+00
   1.0000000e+00
  -1.0000000e+00
   1.0000000e+00
  -1.0000000e+00
  -1.0000000e+00
   1.0000000e+00
   1.0000000e+00
  -1.0000000e+00
   1.0000000e+00
  -1.0000000e+00
  -1.0000000e+00
  -1.0000000e+00
  -1.0000000e+00
  -1.0000000e+00
  -1.0000000e+00
  -1.0000000e+00
   1.0000000e+00
  -1.0000000e+00
  -1.0000000e+00
   1.0000000e+00
   1.0000000e+00
   1.0000000e+00
  -1.0000000e+00
  -1.0000000e+00
   1.0000000e+00
   1.0000000e+00
  -1.0000000e+00
  -1.0000000e+00
  -1.0000000e+00
   1.0000000e+00
  -1.0000000e+00
  -1.0000000e+00
  -1.0000000e+00
  -1.0000000e+00
  -1.0000000e+00
  -1.0000000e+00
   1.0000000e+00
  -1.0000000e+00
   1.0000000e+00
  -1.0000000e+00
  -1.0000000e+00
   1.0000000e+00
   1.0000000e+00
   1.0000000e+00
   1.0000000e+00
   1.0000000e+00
  -1.0000000e+00
   1.0000000e+00
   1.0000000e+00
  -1.0000000e+00
  -1.0000000e+00
  -1.0000000e+00
  -1.0000000e+00
   1.0000000e+00
   1.0000000e+00
   1.0000000e+00
  -1.0000000e+00
   1.0000000e+00
  -1.0000000e+00
  -1.0000000e+00
   1.0000000e+00
  -1.0000000e+00
   1.0000000e+00
   1.0000000e+00
   1.0000000e+00
   1.0000000e+00
   1.0000000e+00
  -1.0000000e+00
   1.0000000e+00
  -1.0000000e+00
  -1.0000000e+00
  -1.0000000e+00
   1.0000000e+00
   1.0000000e+00
   1.0000000e+00
  -1.0000000e+00
   1.0000000e+00
   1.0000000e+00
   1.0000000e+00
  -1.0000000e+00
   1.0000000e+00
   1.0000000e+00
   1.0000000e+00
   1.0000000e+00
  -1.0000000e+00
  -1.0000000e+00
   1.0000000e+00
   1.0000000e+00
   1.0000000e+00
   1.0000000e+00
   1.0000000e+00
   1.0000000e+00
  -1.0000000e+00
  -1.0000000e+00
  -1.0000000e+00
  -1.0000000e+00
  -1.0000000e+00
   1.0000000e+00
   1.0000000e+00
   1.0000000e+00
   1.0000000e+00
   1.0000000e+00
   1.0000000e+00
   1.0000000e+00
   1.0000000e+00
  -1.0000000e+00
   1.0000000e+00
   1.0000000e+00
  -1.0000000e+00
   1.0000000e+00
   1.0000000e+00
  -1.0000000e+00
   1.0000000e+00
   1.0000000e+00
  -1.0000000e+00
  -1.0000000e+00
  -1.0000000e+00
  -1.0000000e+00
  -1.0000000e+00
   1.0000000e+00
   1.0000000e+00
  -1.0000000e+00
   1.0000000e+00
  -1.0000000e+00
  -1.0000000e+00
   1.0000000e+00
   1.0000000e+00
   1.0000000e+00
   1.0000000e+00
   1.0000000e+00
   1.0000000e+00
   1.0000000e+00
   1.0000000e+00
   1.0000000e+00
   1.0000000e+00
   1.0000000e+00
   1.0000000e+00
   1.0000000e+00
   1.0000000e+00
  -1.0000000e+00
  -1.0000000e+00
   1.0000000e+00
   1.0000000e+00
  -1.0000000e+00
   1.0000000e+00
  -1.0000000e+00
   1.0000000e+00
   1.0000000e+00
  -1.0000000e+00
   1.0000000e+00
   1.0000000e+00
   1.0000000e+00
   1.0000000e+00
   1.0000000e+00
   1.0000000e+00
   1.0000000e+00
   1.0000000e+00
   1.0000000e+00
  -1.0000000e+00
  -1.0000000e+00
  -1.0000000e+00
   1.0000000e+00
   1.0000000e+00
   1.0000000e+00
   1.0000000e+00
   1.0000000e+00
   1.0000000e+00
   1.0000000e+00
   1.0000000e+00
   1.0000000e+00
   1.0000000e+00
  -1.0000000e+00
  -1.0000000e+00
  -1.0000000e+00
   1.0000000e+00
  -1.0000000e+00
   1.0000000e+00
   1.0000000e+00
   1.0000000e+00
   1.0000000e+00
   1.0000000e+00
   1.0000000e+00
   1.0000000e+00
   1.0000000e+00
  -1.0000000e+00
   1.0000000e+00
   1.0000000e+00
   1.0000000e+00
   1.0000000e+00
   1.0000000e+00
  -1.0000000e+00
  -1.0000000e+00
   1.0000000e+00
   1.0000000e+00
   1.0000000e+00
   1.0000000e+00
   1.0000000e+00
  -1.0000000e+00
   1.0000000e+00
   1.0000000e+00
   1.0000000e+00
   1.0000000e+00
   1.0000000e+00
   1.0000000e+00
   1.0000000e+00
   1.0000000e+00
   1.0000000e+00
   1.0000000e+00
   1.0000000e+00
   1.0000000e+00
  -1.0000000e+00
   1.0000000e+00
   1.0000000e+00
   1.0000000e+00
   1.0000000e+00
   1.0000000e+00
  -1.0000000e+00
  -1.0000000e+00
   1.0000000e+00
  -1.0000000e+00
  -1.0000000e+00
   1.0000000e+00
   1.0000000e+00
   1.0000000e+00
   1.0000000e+00
   1.0000000e+00
  -1.0000000e+00
   1.0000000e+00
   1.0000000e+00
   1.0000000e+00
   1.0000000e+00
   1.0000000e+00
   1.0000000e+00
   1.0000000e+00
   1.0000000e+00
  -1.0000000e+00
   1.0000000e+00
  -1.0000000e+00
  -1.0000000e+00
   1.0000000e+00
   1.0000000e+00
   1.0000000e+00
   1.0000000e+00
   1.0000000e+00
   1.0000000e+00
   1.0000000e+00
   1.0000000e+00
  -1.0000000e+00
  -1.0000000e+00
   1.0000000e+00
   1.0000000e+00
   1.0000000e+00
   1.0000000e+00
   1.0000000e+00
   1.0000000e+00
   1.0000000e+00
  -1.0000000e+00
   1.0000000e+00
  -1.0000000e+00
   1.0000000e+00
  -1.0000000e+00
   1.0000000e+00
   1.0000000e+00
   1.0000000e+00
   1.0000000e+00
   1.0000000e+00
   1.0000000e+00
   1.0000000e+00
   1.0000000e+00
   1.0000000e+00
   1.0000000e+00
   1.0000000e+00
   1.0000000e+00
   1.0000000e+00
   1.0000000e+00
   1.0000000e+00
  -1.0000000e+00
   1.0000000e+00
   1.0000000e+00
   1.0000000e+00
   1.0000000e+00
   1.0000000e+00
  -1.0000000e+00
  -1.0000000e+00
  -1.0000000e+00
  -1.0000000e+00
   1.0000000e+00
   1.0000000e+00
   1.0000000e+00
   1.0000000e+00
   1.0000000e+00
   1.0000000e+00
   1.0000000e+00
   1.0000000e+00
   1.0000000e+00
   1.0000000e+00
   1.0000000e+00
   1.0000000e+00
   1.0000000e+00
   1.0000000e+00
  -1.0000000e+00
   1.0000000e+00
   1.0000000e+00
   1.0000000e+00
   1.0000000e+00
   1.0000000e+00
   1.0000000e+00
   1.0000000e+00
   1.0000000e+00
   1.0000000e+00
   1.0000000e+00
   1.0000000e+00
   1.0000000e+00
  -1.0000000e+00
   1.0000000e+00
   1.0000000e+00
  -1.0000000e+00
   1.0000000e+00
  -1.0000000e+00
   1.0000000e+00
   1.0000000e+00
   1.0000000e+00
   1.0000000e+00
  -1.0000000e+00
   1.0000000e+00
   1.0000000e+00
   1.0000000e+00
  -1.0000000e+00
  -1.0000000e+00
   1.0000000e+00
  -1.0000000e+00
   1.0000000e+00
   1.0000000e+00
  -1.0000000e+00
   1.0000000e+00
   1.0000000e+00
   1.0000000e+00
   1.0000000e+00
   1.0000000e+00
   1.0000000e+00
   1.0000000e+00
   1.0000000e+00
   1.0000000e+00
   1.0000000e+00
   1.0000000e+00
   1.0000000e+00
   1.0000000e+00
   1.0000000e+00
   1.0000000e+00
   1.0000000e+00
   1.0000000e+00
   1.0000000e+00
   1.0000000e+00
   1.0000000e+00
   1.0000000e+00
   1.0000000e+00
   1.0000000e+00
   1.0000000e+00
   1.0000000e+00
   1.0000000e+00
  -1.0000000e+00
   1.0000000e+00
   1.0000000e+00
   1.0000000e+00
  -1.0000000e+00
  -1.0000000e+00
   1.0000000e+00
   1.0000000e+00
   1.0000000e+00
   1.0000000e+00
  -1.0000000e+00
   1.0000000e+00
   1.0000000e+00
   1.0000000e+00
   1.0000000e+00
   1.0000000e+00
   1.0000000e+00
   1.0000000e+00
   1.0000000e+00
   1.0000000e+00
   1.0000000e+00
   1.0000000e+00
   1.0000000e+00
   1.0000000e+00
   1.0000000e+00
   1.0000000e+00
   1.0000000e+00
   1.0000000e+00
   1.0000000e+00
   1.0000000e+00
   1.0000000e+00
  -1.0000000e+00
   1.0000000e+00
   1.0000000e+00
  -1.0000000e+00
   1.0000000e+00
   1.0000000e+00
   1.0000000e+00
   1.0000000e+00
   1.0000000e+00
   1.0000000e+00
   1.0000000e+00
   1.0000000e+00
   1.0000000e+00
   1.0000000e+00
   1.0000000e+00
   1.0000000e+00
   1.0000000e+00
   1.0000000e+00
   1.0000000e+00
   1.0000000e+00
   1.0000000e+00
   1.0000000e+00
   1.0000000e+00
   1.0000000e+00
   1.0000000e+00
   1.0000000e+00
   1.0000000e+00
   1.0000000e+00
   1.0000000e+00
   1.0000000e+00
   1.0000000e+00
   1.0000000e+00
   1.0000000e+00
   1.0000000e+00
   1.0000000e+00
   1.0000000e+00
  -1.0000000e+00
   1.0000000e+00
   1.0000000e+00
   1.0000000e+00
   1.0000000e+00
   1.0000000e+00
   1.0000000e+00
   1.0000000e+00
   1.0000000e+00
   1.0000000e+00
   1.0000000e+00
   1.0000000e+00
   1.0000000e+00
   1.0000000e+00
   1.0000000e+00
   1.0000000e+00
   1.0000000e+00
   1.0000000e+00
   1.0000000e+00
   1.0000000e+00
   1.0000000e+00
   1.0000000e+00
   1.0000000e+00
   1.0000000e+00
   1.0000000e+00
   1.0000000e+00
   1.0000000e+00
   1.0000000e+00
   1.0000000e+00
   1.0000000e+00
  -1.0000000e+00
   1.0000000e+00
   1.0000000e+00
   1.0000000e+00
   1.0000000e+00
   1.0000000e+00
  -1.0000000e+00
   1.0000000e+00
   1.0000000e+00
   1.0000000e+00
   1.0000000e+00
   1.0000000e+00
   1.0000000e+00
  -1.0000000e+00
   1.0000000e+00
   1.0000000e+00
   1.0000000e+00
   1.0000000e+00
   1.0000000e+00
   1.0000000e+00
   1.0000000e+00
   1.0000000e+00
   1.0000000e+00
   1.0000000e+00
   1.0000000e+00
   1.0000000e+00
   1.0000000e+00
   1.0000000e+00
   1.0000000e+00
   1.0000000e+00
   1.0000000e+00
   1.0000000e+00
   1.0000000e+00
   1.0000000e+00
   1.0000000e+00
   1.0000000e+00
   1.0000000e+00
   1.0000000e+00
  -1.0000000e+00
  -1.0000000e+00
  -1.0000000e+00
   1.0000000e+00
  -1.0000000e+00
  -1.0000000e+00
  -1.0000000e+00
   1.0000000e+00
  -1.0000000e+00
  -1.0000000e+00
  -1.0000000e+00
   1.0000000e+00
   1.0000000e+00
   1.0000000e+00
  -1.0000000e+00
   1.0000000e+00
  -1.0000000e+00
  -1.0000000e+00
  -1.0000000e+00
  -1.0000000e+00
  -1.0000000e+00
  -1.0000000e+00
  -1.0000000e+00
  -1.0000000e+00
   1.0000000e+00
   1.0000000e+00
  -1.0000000e+00
   1.0000000e+00
   1.0000000e+00
  -1.0000000e+00
  -1.0000000e+00
  -1.0000000e+00
   1.0000000e+00
   1.0000000e+00
   1.0000000e+00
  -1.0000000e+00
  -1.0000000e+00
  -1.0000000e+00
  -1.0000000e+00
  -1.0000000e+00
  -1.0000000e+00
   1.0000000e+00
  -1.0000000e+00
  -1.0000000e+00
   1.0000000e+00
  -1.0000000e+00
   1.0000000e+00
   1.0000000e+00
  -1.0000000e+00
  -1.0000000e+00
   1.0000000e+00
  -1.0000000e+00
  -1.0000000e+00
   1.0000000e+00
   1.0000000e+00
   1.0000000e+00
   1.0000000e+00
   1.0000000e+00
   1.0000000e+00
   1.0000000e+00
  -1.0000000e+00
   1.0000000e+00
  -1.0000000e+00
   1.0000000e+00
   1.0000000e+00
   1.0000000e+00
   1.0000000e+00
   1.0000000e+00
  -1.0000000e+00
   1.0000000e+00
   1.0000000e+00
   1.0000000e+00
  -1.0000000e+00
   1.0000000e+00
  -1.0000000e+00
  -1.0000000e+00
  -1.0000000e+00
   1.0000000e+00
   1.0000000e+00
   1.0000000e+00
   1.0000000e+00
  -1.0000000e+00
   1.0000000e+00
   1.0000000e+00
   1.0000000e+00
   1.0000000e+00
  -1.0000000e+00
   1.0000000e+00
   1.0000000e+00
   1.0000000e+00
   1.0000000e+00
   1.0000000e+00
   1.0000000e+00
  -1.0000000e+00
   1.0000000e+00
   1.0000000e+00
  -1.0000000e+00
   1.0000000e+00
   1.0000000e+00
   1.0000000e+00
   1.0000000e+00
   1.0000000e+00
   1.0000000e+00
   1.0000000e+00
   1.0000000e+00
   1.0000000e+00
   1.0000000e+00
   1.0000000e+00
   1.0000000e+00
   1.0000000e+00
   1.0000000e+00
   1.0000000e+00
  -1.0000000e+00
   1.0000000e+00
   1.0000000e+00
   1.0000000e+00
   1.0000000e+00
   1.0000000e+00
  -1.0000000e+00
   1.0000000e+00
   1.0000000e+00
   1.0000000e+00
  -1.0000000e+00
   1.0000000e+00
  -1.0000000e+00
   1.0000000e+00
   1.0000000e+00
   1.0000000e+00
   1.0000000e+00
   1.0000000e+00
   1.0000000e+00
   1.0000000e+00
   1.0000000e+00
   1.0000000e+00
   1.0000000e+00
   1.0000000e+00
   1.0000000e+00
   1.0000000e+00
   1.0000000e+00
  -1.0000000e+00
  -1.0000000e+00
   1.0000000e+00
   1.0000000e+00
   1.0000000e+00
  -1.0000000e+00
   1.0000000e+00
   1.0000000e+00
   1.0000000e+00
   1.0000000e+00
   1.0000000e+00
   1.0000000e+00
   1.0000000e+00
   1.0000000e+00
   1.0000000e+00
   1.0000000e+00
   1.0000000e+00
   1.0000000e+00
   1.0000000e+00
   1.0000000e+00
   1.0000000e+00
   1.0000000e+00
   1.0000000e+00
   1.0000000e+00
   1.0000000e+00
   1.0000000e+00
   1.0000000e+00
   1.0000000e+00
  -1.0000000e+00
   1.0000000e+00
  -1.0000000e+00
   1.0000000e+00
   1.0000000e+00
   1.0000000e+00
   1.0000000e+00
   1.0000000e+00
   1.0000000e+00
   1.0000000e+00
   1.0000000e+00
   1.0000000e+00
   1.0000000e+00
  -1.0000000e+00
   1.0000000e+00
   1.0000000e+00
   1.0000000e+00
   1.0000000e+00
   1.0000000e+00
   1.0000000e+00
   1.0000000e+00
   1.0000000e+00
   1.0000000e+00
   1.0000000e+00
   1.0000000e+00
   1.0000000e+00
   1.0000000e+00
   1.0000000e+00
  -1.0000000e+00
   1.0000000e+00
   1.0000000e+00
   1.0000000e+00
   1.0000000e+00
   1.0000000e+00
   1.0000000e+00
   1.0000000e+00
   1.0000000e+00
   1.0000000e+00
   1.0000000e+00
   1.0000000e+00
   1.0000000e+00
  -1.0000000e+00
   1.0000000e+00
   1.0000000e+00
   1.0000000e+00
  -1.0000000e+00
   1.0000000e+00
   1.0000000e+00
   1.0000000e+00
   1.0000000e+00
   1.0000000e+00
   1.0000000e+00
   1.0000000e+00
   1.0000000e+00
   1.0000000e+00
   1.0000000e+00
   1.0000000e+00
   1.0000000e+00
   1.0000000e+00
   1.0000000e+00
   1.0000000e+00
   1.0000000e+00
   1.0000000e+00
   1.0000000e+00
   1.0000000e+00
  -1.0000000e+00
   1.0000000e+00
   1.0000000e+00
   1.0000000e+00
   1.0000000e+00
   1.0000000e+00
   1.0000000e+00
   1.0000000e+00
   1.0000000e+00
   1.0000000e+00
   1.0000000e+00
   1.0000000e+00
   1.0000000e+00
   1.0000000e+00
   1.0000000e+00
   1.0000000e+00
